464
900
561
63
705
598
612
647
420
837
122
337
261
249
151
819
201
547
758
782
973
58
569
779
105
4
515
56
792
428
923
262
456
261
678
200
940
166
193
286
198
625
318
784
371
736
584
297
152
613
898
979
198
596
485
202
612
100
301
850
838
41
324
883
570
181
649
907
846
110
217
542
116
404
893
426
9
383
566
463
952
631
222
755
558
35
750
315
468
33
544
861
933
136
29
475
291
406
141
224
115
251
461
697
255
479
246
922
663
618
2
582
919
258
445
258
9
128
838
627
230
308
921
688
962
980
22
449
830
346
932
79
264
88
386
422
327
5
494
822
380
573
981
386
135
224
263
981
518
47
310
194
323
558
379
424
840
78
609
478
497
608
58
720
310
23
947
872
333
751
290
805
322
316
917
590
308
429
186
720
17
453
749
732
791
286
574
376
995
785
63
631
772
464
430
891
560
360
270
906
603
24
856
971
210
111
239
611
417
419
178
244
512
768
994
197
566
753
996
649
754
535
328
861
923
765
206
682
498
769
619
860
128
92
297
330
710
509
549
564
519
731
698
493
197
442
566
50
986
880
670
47
140
791
121
677
517
534
395
730
216
583
556
212
565
57
425
306
566
61
215
563
20
208
24
518
21
299
157
434
355
315
537
963
650
906
143
46
558
157
695
99
513
871
904
733
727
258
854
362
165
156
464
128
509
769
722
980
492
426
39
368
559
971
595
479
148
633
875
476
324
873
91
875
315
217
214
529
608
436
597
630
910
702
7
965
912
347
315
942
595
240
772
832
978
734
483
532
614
611
780
325
489
558
368
300
380
49
137
511
22
619
6
764
980
225
220
769
422
871
402
629
451
488
877
891
860
377
341
367
82
911
444
181
396
504
497
543
567
744
419
85
601
572
87
914
354
522
572
626
292
537
453
997
401
446
744
930
466
772
819
126
574
134
484
697
152
768
986
63
66
697
647
12
129
559
529
752
124
18
700
515
644
929
763
572
897
788
260
948
82
814
883
409
254
62
15
579
950
706
641
423
391
141
91
866
220
762
500
339
203
224
294
4
679
249
550
521
575
541
51
690
563
782
606
397
871
214
39
305
495
325
30
367
167
916
715
969
481
348
816
294
845
509
51
507
316
783
371
863
