622
158
416
365
640
570
462
240
62
73
319
403
504
48
646
440
557
984
371
958
857
37
443
830
624
858
578
603
188
809
721
74
664
658
79
391
900
128
729
941
181
712
205
273
175
704
677
580
875
387
35
253
291
698
255
828
464
798
285
452
702
50
718
920
637
418
935
416
470
306
756
475
628
547
678
225
899
476
905
529
934
211
799
990
669
562
206
258
931
257
293
957
356
728
926
87
755
931
981
272
437
307
388
194
343
58
26
436
100
977
177
586
829
92
62
966
571
103
191
989
403
276
108
589
418
850
57
649
422
80
413
991
263
390
610
763
848
954
531
387
401
449
452
308
187
704
704
785
364
290
821
511
956
739
100
742
858
680
889
685
447
628
99
506
889
945
94
423
618
185
973
476
741
613
293
322
543
923
293
45
611
538
172
434
838
81
541
458
81
917
805
114
56
983
178
624
341
33
126
959
905
219
945
498
88
959
738
589
542
940
130
159
626
251
641
368
342
731
218
176
614
739
20
893
624
685
338
530
498
4
557
754
851
827
368
215
200
534
921
408
823
84
27
878
893
917
21
373
14
905
171
136
956
855
322
717
160
883
101
241
449
259
651
720
970
160
589
273
997
333
778
853
378
89
394
119
954
603
130
74
253
791
123
228
417
72
331
692
130
44
275
54
556
650
976
413
920
967
799
12
824
70
347
874
690
484
203
337
201
227
349
959
212
737
927
327
25
351
442
317
420
481
594
558
365
922
8
160
755
589
599
518
261
866
45
152
548
304
846
112
86
834
101
588
580
14
490
342
346
720
224
277
975
419
661
90
485
581
7
231
748
712
632
952
10
956
126
683
568
741
138
893
897
21
156
150
298
52
275
451
562
239
579
731
465
50
824
213
770
763
651
653
67
498
541
775
719
830
154
188
658
877
403
50
942
644
724
35
396
328
700
420
678
63
372
334
388
151
639
978
771
374
692
692
611
744
42
516
413
344
461
796
734
459
528
467
541
315
771
330
482
678
61
370
608
468
421
72
583
56
595
355
593
518
929
715
47
223
606
157
62
586
410
25
46
514
179
682
256
5
683
524
432
207
713
60
422
533
547
91
235
806
794
146
515
265
782
996
973
867
482
943
326
968
302
760
717
433
446
719
557
393
626
189
544
996
762
538
940
429
143
881
971
159
294
529
600
222
449
318
483
986
692
953
204
325
982
742
822
798
543
675
964
329
389
72
451
162
330
4
25
872
390
402
459
566
561
825
914
770
941
563
803
678
764
906
96
951
677
155
908
829
157
865
527
745
894
727
249
984
780
571
64
513
373
402
385
994
72
6
432
71
438
945
193
980
521
31
767
403
972
545
629
194
29
167
292
150
671
747
260
143
828
871
289
15
33
922
544
649
713
631
278
725
87
389
885
921
870
304
519
632
182
726
85
478
495
833
160
304
177
453
756
511
778
409
511
978
133
206
98
140
682
217
884
836
556
904
875
183
481
894
989
621
592
119
318
480
234
782
103
995
386
879
760
336
632
497
976
452
395
610
121
454
601
645
136
135
619
303
709
946
530
465
474
526
743
238
293
463
272
748
600
937
580
657
42
172
380
533
344
32
106
321
684
234
296
20
934
196
387
529
648
913
873
734
606
455
894
709
663
867
454
15
98
688
48
804
841
436
232
281
811
391
2
562
243
667
221
470
274
340
286
815
50
274
686
273
596
182
737
561
55
988
924
633
515
141
454
688
881
431
194
663
926
261
244
445
608
895
32
461
682
220
246
917
424
550
665
929
661
202
331
558
677
56
77
962
43
695
629
856
130
952
299
919
146
963
233
224
953
801
521
580
477
564
185
992
741
343
153
953
156
8
872
860
600
148
373
374
613
581
555
213
614
374
146
382
819
324
998
33
553
518
689
183
525
779
820
297
753
739
769
813
925
598
449
134
43
538
825
10
126
198
867
321
284
119
439
23
281
844
367
499
912
668
485
205
77
873
383
846
589
302
873
94
69
561
332
285
783
580
885
739
664
434
189
244
229
476
711
694
566
158
103
116
518
308
514
634
903
801
711
997
896
77
667
695
822
469
135
835
514
336
349
277
907
837
726
246
219
266
657
366
149
571
882
993
966
782
430
636
261
470
753
366
925
401
63
540
834
506
436
659
237
317
740
447
221
583
156
525
578
611
874
859
713
690
586
455
359
155
649
498
948
888
851
573
338
294
197
117
384
494
452
290
30
361
321
404
629
103
996
847
115
579
479
422
976
237
163
788
470
687
954
739
295
56
184
744
