265
886
532
537
728
434
720
563
549
328
35
837
665
818
839
835
43
73
463
390
226
89
649
906
642
937
820
708
582
899
712
169
635
520
135
847
749
574
881
785
812
20
660
452
452
676
75
392
678
162
777
996
167
885
901
120
706
691
989
381
80
410
545
374
149
759
721
711
799
350
98
845
523
604
289
446
630
907
445
557
490
585
163
918
937
567
584
441
512
785
236
61
708
911
227
131
159
519
948
891
454
690
236
172
70
806
386
200
213
11
304
773
174
382
442
859
89
217
720
567
273
713
20
474
744
832
222
291
911
508
262
288
213
159
836
226
946
643
121
569
595
717
533
339
10
474
272
126
706
245
637
393
214
335
747
977
91
631
883
262
640
485
771
11
470
756
56
405
991
91
180
495
888
251
429
506
782
652
837
706
416
963
307
443
853
836
601
883
855
806
675
264
640
645
961
855
583
20
30
288
