885
809
938
120
92
475
91
206
288
582
33
597
959
69
571
619
118
552
596
570
940
395
573
595
647
304
743
807
23
929
514
726
168
200
21
40
440
179
282
713
750
712
209
281
560
296
519
124
753
845
537
470
535
569
297
939
306
922
737
583
41
283
114
357
324
259
223
101
23
405
968
643
362
374
410
961
714
110
838
957
122
900
506
644
484
285
952
517
707
732
183
727
856
428
472
373
430
771
81
645
781
732
179
848
451
948
417
475
600
414
369
82
714
178
961
877
37
391
168
128
273
679
688
304
294
955
338
234
113
841
539
80
267
500
435
798
572
647
201
653
878
372
966
596
725
478
176
715
316
853
982
190
122
216
680
451
106
36
833
412
307
898
725
50
36
969
243
574
946
673
361
127
163
469
531
149
623
888
614
276
164
321
502
163
52
996
205
427
620
709
755
810
528
245
622
129
829
267
730
357
608
397
375
408
22
402
585
243
459
197
404
120
907
494
452
613
153
924
43
384
986
39
839
890
242
797
239
467
320
719
906
257
530
623
765
960
105
720
861
946
76
739
780
239
201
693
7
843
380
224
119
74
766
408
334
335
133
532
500
10
370
590
554
866
311
794
988
156
342
610
879
209
768
224
265
453
19
194
280
688
976
862
139
959
366
76
974
319
423
450
681
775
422
319
438
143
957
876
928
72
186
956
561
194
780
50
629
875
211
316
478
5
21
741
710
747
641
516
1000
199
219
690
228
674
136
384
941
964
66
513
446
829
137
879
552
547
19
988
229
594
933
728
778
281
72
996
7
847
937
160
342
809
117
96
614
461
868
624
153
472
771
928
912
543
156
487
301
882
331
914
228
237
412
28
18
140
492
299
8
812
985
654
890
553
120
463
740
547
790
124
8
306
213
720
190
953
880
633
255
506
492
752
995
375
128
657
801
904
331
190
306
932
133
296
956
669
346
730
62
890
672
126
532
980
274
416
523
815
634
95
335
675
529
805
875
742
73
141
93
640
290
576
413
409
521
235
36
257
15
874
951
395
937
952
49
633
940
404
201
731
359
478
505
245
56
69
768
968
889
948
807
987
776
53
496
794
359
619
58
556
941
49
25
189
340
682
532
68
237
769
227
248
825
536
839
416
480
32
684
149
174
336
85
552
230
838
971
395
5
527
282
403
243
708
629
899
829
176
134
383
977
661
164
50
666
487
888
954
462
253
922
477
589
949
396
184
805
702
250
778
392
997
367
769
408
176
365
246
618
178
409
279
43
451
69
689
531
786
32
987
602
624
46
305
502
461
827
459
787
10
711
806
987
463
760
599
937
284
727
466
126
220
732
182
736
837
709
176
365
399
3
304
665
493
259
271
252
518
426
601
178
871
618
893
274
946
909
701
944
152
188
775
588
783
52
394
805
551
895
183
471
823
750
906
223
503
86
246
392
174
648
141
727
434
412
717
793
540
34
49
467
61
71
673
67
14
933
218
759
762
692
546
980
802
713
676
650
138
752
801
116
249
96
533
946
986
432
171
622
853
218
830
446
241
227
515
92
915
890
263
621
242
562
799
473
373
461
902
965
868
515
694
392
749
746
860
586
870
822
562
5
436
317
776
462
812
141
696
986
699
283
993
15
483
143
188
760
230
667
594
281
580
293
544
239
816
128
111
964
14
585
575
570
305
479
518
779
354
833
645
700
551
193
982
887
191
309
737
193
117
249
402
567
289
8
34
419
142
324
215
774
919
56
270
689
201
949
754
343
970
817
151
907
256
19
425
404
699
260
181
599
624
526
645
8
981
880
105
375
867
867
740
934
689
598
829
32
497
886
167
326
725
531
382
503
703
293
317
384
530
989
422
649
682
55
542
697
639
527
754
408
936
854
950
324
671
588
766
244
477
634
12
450
1
219
595
797
702
205
428
445
695
95
289
965
667
705
564
107
417
973
281
102
711
942
646
170
121
886
613
43
562
438
807
9
819
951
659
828
300
370
734
34
359
837
310
640
930
64
360
407
243
50
411
386
138
837
909
583
640
225
103
309
128
613
718
234
432
61
592
482
181
277
480
904
589
436
549
918
415
880
876
224
21
424
662
165
360
101
163
249
943
107
56
879
704
947
777
696
279
916
67
371
885
467
852
755
179
351
856
643
855
826
782
531
250
582
893
390
772
538
762
833
358
562
66
978
218
73
736
277
551
532
979
592
89
483
803
462
772
765
917
985
677
306
82
700
50
456
2
706
486
381
999
741
680
907
523
469
287
470
12
250
603
16
945
195
940
393
917
183
704
484
662
824
114
905
17
354
45
357
583
971
759
538
364
893
832
390
998
312
531
420
716
805
383
782
997
507
976
936
612
694
767
947
521
734
202
776
691
882
792
218
133
357
265
603
136
320
287
380
15
197
231
349
611
413
739
638
619
483
499
52
696
518
665
429
567
969
709
636
486
332
293
457
972
546
870
757
280
939
210
953
744
988
157
32
302
35
59
229
303
695
142
676
243
18
195
73
759
569
517
394
692
651
721
974
854
473
330
771
38
459
896
642
774
654
277
443
999
893
659
538
129
628
560
807
908
178
169
301
860
44
262
137
328
332
397
849
278
950
839
746
296
730
279
166
104
162
203
321
245
384
28
270
992
786
40
431
71
745
10
420
720
528
994
738
204
670
200
46
226
897
636
542
591
572
255
199
28
890
309
262
529
220
345
730
573
427
890
585
364
849
303
543
105
287
461
418
117
583
128
163
788
263
144
99
945
262
240
992
576
712
247
944
902
37
281
696
386
32
715
654
208
238
580
785
883
306
889
778
614
830
354
357
439
396
162
190
907
962
618
713
814
890
212
471
599
389
829
307
331
362
758
613
905
4
354
822
340
943
888
914
46
917
423
76
730
47
213
138
456
982
780
899
469
660
387
49
214
39
201
827
724
709
154
46
263
218
560
689
558
260
979
225
156
888
811
728
210
613
205
101
840
725
218
845
375
38
209
983
184
851
556
314
279
341
242
903
635
206
311
348
11
791
181
305
15
963
490
152
363
238
338
935
977
687
160
165
258
263
897
263
497
102
979
704
439
473
667
98
5
85
392
993
209
486
754
115
701
235
72
810
53
689
486
196
330
302
212
385
486
683
410
811
319
320
863
443
986
473
613
293
964
596
524
841
32
282
849
831
756
750
831
612
969
772
943
261
927
619
216
286
8
267
272
200
988
504
798
445
622
135
974
81
229
487
438
909
986
630
932
163
193
516
266
697
207
473
861
651
209
244
729
660
324
873
223
683
65
985
380
196
604
999
132
803
35
8
585
273
703
344
720
478
190
58
309
68
550
193
585
561
85
467
679
965
812
320
431
379
503
122
123
319
664
943
783
692
17
537
244
526
894
23
758
624
13
896
534
378
830
356
981
54
478
328
175
500
613
67
11
230
321
903
729
992
442
310
249
601
781
377
369
876
1
801
441
961
494
379
995
367
516
710
170
849
469
119
897
831
948
766
744
89
836
99
501
319
645
968
991
740
853
7
82
276
378
33
185
309
720
84
191
819
369
210
993
368
309
228
226
106
725
286
938
254
959
784
906
606
448
93
208
936
599
846
702
703
214
284
770
49
593
968
148
86
185
216
476
318
484
213
626
90
662
813
935
400
633
418
300
391
402
454
158
20
468
131
49
789
645
621
47
34
892
191
671
645
38
251
833
843
402
244
165
415
926
493
626
219
694
607
697
174
521
696
429
365
119
761
790
370
149
345
12
578
321
463
741
418
29
822
516
138
383
673
150
436
599
224
44
897
599
932
390
401
219
61
723
981
589
775
902
483
459
414
862
569
649
186
503
400
977
800
157
212
544
406
493
210
709
879
242
410
767
463
250
296
738
758
669
911
725
457
62
196
907
493
15
865
849
361
3
925
653
631
893
212
35
187
379
263
450
745
172
106
255
9
212
714
563
153
101
149
389
570
386
287
55
820
49
318
493
775
575
55
335
661
534
723
879
499
305
215
563
516
934
17
351
479
22
293
250
150
289
22
448
462
54
571
523
781
687
876
845
386
810
610
298
221
359
792
403
493
982
459
277
542
518
601
629
668
453
806
286
653
548
500
558
833
357
527
299
172
243
494
602
842
925
287
803
183
871
692
52
507
390
270
720
676
306
398
771
662
944
498
166
324
884
353
552
235
185
249
368
987
666
765
738
686
432
2
919
404
116
609
523
932
658
583
835
95
524
423
793
628
800
472
889
448
882
17
413
219
539
479
277
904
697
604
678
72
671
963
935
654
846
372
728
113
236
528
798
992
865
247
533
866
500
846
927
898
150
698
730
216
318
61
890
220
639
580
627
141
243
524
421
444
269
498
857
902
881
960
312
762
225
711
62
358
678
84
98
702
718
987
346
237
799
696
568
135
935
408
487
27
456
223
369
381
721
420
314
495
709
548
719
229
520
269
692
243
413
399
188
588
34
166
784
586
851
482
654
682
714
773
661
606
159
580
897
518
127
814
352
724
625
601
220
985
972
943
733
726
720
138
277
206
377
624
688
101
938
423
752
353
270
263
860
